
% =========== File Auto generated ===========
 
sinr = [25.645759726341367 6.449177688058995 2.464360946497223 12.662414020062357 7.893068312479286 3.1108215065480493 2.2847430554660804 11.529916681835985 17.094227354453047 21.986661560867162 6.723158756817028 1.114770979171709 -0.9164096898352199 -1.4644290319003517 14.907476242358257 11.06979085158008 -0.7009787992218577 6.496050365583713 6.356319167054366 7.799041468480027 0.953182542333721 20.19047070244207 11.986399731312346 1.1117130401524946 0.25283200098868974 2.1692268169116318 14.598361715859909 -0.2894551436644832 9.76030860367932 8.146815124638167 6.227054363125575 27.50287579933297 34.83724460135058 6.797971728201873 4.512513577386244 6.654091449334757 1.8940796828501476 18.66617934866582 3.724534670131405 0.7438637851690828 5.818693901925258 1.6552870532594852 1.3999090753801084 5.651711972609192 2.3467470548112885 0.03194531195141792 2.335759986755207 17.05857173345295 10.351692521515545 7.610744890304446 -2.7450129575393447 6.781222803438439 0.9004594015467262 -1.3155816917971066 6.491697855970784 -0.7639764337418598 8.363643585297496 21.38412947401123 -0.8164619875037857 -1.309050808940853 15.916393701940606 11.224499876545636 6.7001046453678015 7.169708363511759 27.7672452741307 17.175254243854226 19.62383396861628 7.538599355160798 23.755212242480752 4.557198747546309 0.40151655292994803 3.248960084432511 5.817613846018787 2.4063592512023035 -1.0427799163392564 0.02381150745135585 15.397764067161361 -0.26831858138167775 -1.5442320861718315 8.059133427320617 13.327319559483314 -0.04276350524959582 2.9361506137876887 13.094055149083587 6.885509633730905 3.7350460135893115 -2.9354484453936323 20.314499221527726 0.042135116326193156 0.35219221083762875 4.159890615530415 1.1953025632801229 16.192231305088868 1.4936781833873027 9.219231131199862 2.0462719982059667 12.183726039447066 12.612502358731547 13.08627530050721 15.043018625759984 9.443118065615693 0.6232196929791058 5.834386840840253 7.903928041021558 0.4469413994911946 18.297675876531414 15.578641970999854 -0.18064966210053512 20.597094891619705 12.732988301648305 13.85002441236037 1.559532732547595 1.668565759309942 2.273961492084979 4.83323124267082 3.6019864646420103 6.274262014821062 4.912010429228388 2.167184782910141 -1.91907354401296 1.8199725757480394 -1.7026692609562417 -0.18198100700243458 12.584209223260586 -1.1898136048054084 5.208346410116917 2.978078185332791 14.14283557967611 1.380002157191754 12.59204187919832 1.6208708073699398 1.5228723481025526 0.17444971740887638 6.7851757247427855 8.500859955952905 7.703678837552161 -3.2671512784908003 -2.168815378280641 21.17220762022656 2.184532816778244 3.027267380114978 5.408728020524535 5.788736433373842 29.036175539252767 0.13906931377096043 1.644391782599996 0.0668088714584485 -1.0310423826029336 28.942527621831772 0.6167697428435872 1.106948895348026 0.7327587782619815 9.78570082249702 0.3769751150093157 1.006938466843934 8.353774963286583 -0.7189485298806346 -2.314140985610294 3.823801675938526 11.415371636451724 8.61579755096784 2.0169207982862787 4.662383460457306 21.17943760083763 12.724895418161282 20.637874501402052 1.308117496870068 5.204322989641042 -1.3816082144186197 1.03153491209423 21.09254977366742 -1.581922972932972 -3.7116367731949538 0.7095680098830712 25.04286668330157 2.3512680718126404 -1.7828269447167315 1.328457741586405 8.145548526761587 -2.7113935543454772 2.3986570208390106 -1.0398175220672243 -0.19609131196854435 -0.7817439178476349 21.26482592800815 32.226512756444194 5.0746994575377755 1.4348587445413017 14.694711225670702 -2.2343401492311585 7.996267475578591 25.70266854845302 7.1390816015538405 4.155946449206212 15.106765617120743 20.35841217391787 6.537024585504966 -0.057049115658529104 28.342307097269114 8.531008440855743 3.1888841281138838 -2.2322819279564072 1.7619693630003326 -1.6282841080341655 14.361185206162801 -1.3405792716558835 8.928294411517498 -1.782645285826959 13.355366741705666 -2.3608590712564705 -1.5261886218359138 13.56011048101557 17.37341414541953 22.215409957353458 12.2760878692863 1.9547540587169578 -2.229955904396732 4.965576815890827 0.3142793655221112 6.54001090854652 1.3904323293262024 8.169098919463408 3.035118405624047 10.374645153677719 -2.6731772442988984 3.7831177198869455 0.08129817945791729 -0.8943140353752881 7.139223027886118 15.237387956018154 6.699874761993328 19.545212002890864 15.578556935717323 3.594454670117628 9.982356910127663 19.337283499016436 10.500399093605225 8.312342342271052 0.8002681501966435 -1.7188762057957234 1.817931818652653 4.693699699694278 17.553403152528844 -0.9108910327570072 28.156196328129923 -1.5397258250965393 1.2084993251466898 10.663174474332067 1.9669528822616371 2.8086665142025566 11.52580443860441 0.6780625619553007 31.337794287298934 -0.47062888093796573 3.794568757434618 8.441860217738935 7.865728147200585 10.218450237687662 20.466045288676483 0.6631678381867658 1.2186291664873323 5.64820733708504 13.646258643582144 4.526716944478096 4.153785325282982 4.661508467698411 10.859481841829009 10.093376776794358 0.3351636265237943 1.386026227453442 1.0014990359930493 4.961254276202055 11.509872572368607 11.4984360369033 21.916429996679113 5.197308263228763 2.772081804321644 10.480607661459757 23.359013284272606 5.5529053681293306 12.002099156008796 1.4150866391678534 16.421244236409407 6.672557347194271 5.209908943623461 -0.7411656382333263 4.80790600050598 10.63482373772004 5.4565361014393545 2.529798483245955 -2.2384514954037513 6.663056323208664 -1.2146058397841841 12.107692180031322 17.408780498359775 2.06372224660538 -0.3027581632988614 5.635806055246064 0.5892733837028601 -1.528290215244624 2.2847659181239237 9.341773801503535 5.579247617833346 3.7247884796491917 11.333343978637117 32.192211688622145 1.5749122687958135 6.942301449170955 2.777306713797344 7.79262333720375 8.150335915558713 4.097634954004803 7.097534666970688 13.84873763089108 7.608984997487639 0.2535833790613822 14.12523552733802 8.778500597031794 5.61624200454925 15.837764979049368 32.82022154277699 0.2928767094734468 -1.309898354242634 5.265818466151174 8.123894114607197 3.0936234762575054 12.297526857332358 3.1176685975197955 2.0469398668039958 -1.9275309909049554 -0.6153768340543309 8.49909476391376 -0.08420790997766403 4.068138366728903 1.9627507921782126 9.828474566735139 11.240382781462799 15.992599811651402 14.756144305811802 -1.2037150834177623 -1.436980012435157 6.001633491095106 15.297354484798333 20.07735737810988 3.1376789118934596 0.05399837333018809 14.535071091335453 -0.38933042562540265 0.8515931161760903 8.753908521726203 -1.4048659775067307 4.926573128145023 -2.446691383847053 3.0209062213177162 9.970289276419024 1.8814957746252219 -0.42993190299876005 2.001910825573333 19.832337065618162 -0.3786926264893111 10.330383734942387 18.868277977257186 8.57360789656478 8.321364401247138 5.628251332451612 11.317746420378725 1.3109934581154903 10.758329415992549 19.768263460977792 1.9462799030525701 5.968302184621976 2.7460215039699136 2.305625656487422 18.042665452882922 3.8726541626235615 10.69259678355094 4.796959773004332 12.918247073263984 1.1152423502234114 0.339004524811898 5.467768192950118 14.000126512348658 -0.005766872157664693 1.4635538461553068 2.8051968851696074 2.5737120807374367 -0.31209038838790093 0.5650478641203307 7.251456287136222 5.3832583739227005 13.134403991833167 27.77051559592806 18.984810351167006 3.910685005605586 6.070395605162432 1.8341708676765336 17.57891533964758 11.863577331020608 -2.1082440855693534 4.338077922928619 -1.2440357870037673 22.618074138839845 13.438509984426261 16.383138540674217 -0.7411863214946948 -1.7995703660703128 2.0053027898136975 1.7849167837362216 3.1243870923780293 9.90927062326682 5.045972326690702 -0.8565594421944809 0.3024490254696417 8.549581068749347 6.063189654489335 1.5507592706939448 -0.26811296926702255 9.981772872258873 1.2275537998552153 -3.658785780186477 17.55968775165988 0.8057696392897356 3.4895510536747594 