
% =========== File Auto generated ===========
 
sinr = [23.49349301768069 -3.3977981320990835 3.9986707955917637 4.015410317531902 -1.0849771403053694 16.744888323836804 7.698162269579825 -0.958904178720374 8.601597469539897 6.35894597643626 30.911781141838134 32.83566791218429 8.030509378153198 0.06745461710676182 9.479405334829295 11.980746503447804 0.8052981263971475 5.912636881402008 5.814734604610507 6.456223883260705 0.7431965492478128 -1.650637948326107 8.298443586205067 22.457979460067932 2.154845141298267 -1.6064358062278075 7.179300687814219 -0.06481042071125387 0.43352996412909306 15.89613637213509 29.4723445769001 -2.123424860556767 0.15086917363370844 1.486838913489251 8.5174093151373 6.390483062673695 27.837282518921995 0.5883656427683093 0.5472313667747244 6.159415800838957 6.317025527319942 34.41123957622666 -1.791599613786957 -0.9300952282044079 -2.2943015485844995 0.9936090148524102 0.9439456791969434 2.9841149669004636 7.489027543210597 -2.5421781070656664 7.147495864917133 -1.6923772157508665 0.8629499567050374 37.15302823718385 12.237812470875866 3.171427054232879 7.015436988553745 -0.9268066640727994 8.996897325597132 22.885114483578633 13.45800200253315 -2.6444412300454303 1.8404607666792998 11.822277804104957 22.21841369799401 3.9598896184989485 7.414314239300381 2.5788273010600733 12.774202538632963 18.93699478619925 19.778541134495555 5.48430158132949 14.900028225505295 4.619710412259721 0.8904994620719151 14.583227683004708 -1.4710922504899315 14.170355723834248 6.734760530670883 2.670383369860005 3.139079117947034 13.351833121453069 6.304413570735051 6.242329402282223 1.1429472222938841 4.912141478183429 25.180542056634323 12.513687555846474 -0.9718835334813036 5.058422304361343 16.00549363458711 0.41005716656812297 10.166009165401562 6.624553087506172 -0.2792367449825406 2.9781278618034577 -0.3598455646330905 21.55339564803981 2.4198150940370766 6.479209725969682 4.651780365122718 -1.9929557362388408 8.51442439998489 14.41940130049062 -1.8672209485583409 0.8822053435711013 -2.439670529105044 14.216911063649533 6.852539974081978 -0.5551872773483097 13.690427534109674 0.4673561111375477 10.575958238918616 21.338030026765765 6.456377579726791 -1.0402643444389525 -0.896505340849032 -0.8620961338180848 21.158232374743477 12.902546627424641 26.254556994956545 30.199834313909435 0.0609613075694142 11.383704626546844 8.824150825486015 10.370451858061926 2.017585578119096 5.400265443224811 9.028537170994042 19.934107398303837 -1.0067508263073819 3.8779748207058304 12.941120027082164 7.372713563084133 7.801726792273271 2.9378828100876433 7.563952521101513 5.684178377647129 3.0556138537008763 -1.5464903971910786 3.3553139311399036 2.2165377470935255 6.029379096367762 16.839580176436485 -1.3378270234030225 5.908265588996358 1.8457358400772392 3.3466885521917504 24.113146755645985 0.44508123647783293 0.021672581737803398 10.595390478267717 2.2300380600279084 2.856109252942133 30.9584471920666 20.58523511685678 8.542092616938874 4.014428663629417 37.08073669830023 26.803978009665386 0.8934217870484531 -2.0080231208967376 7.5806498306758385 6.403260558786897 20.377095363409353 -0.30108088171346026 20.82040714423718 16.738579414102006 1.93152370224891 10.246150692512813 8.974095592526567 1.312785799593854 -0.7236667507913381 6.750441226164369 -0.5519394899834822 11.252224264793696 30.962776739500598 11.744787242569629 2.3363031085093837 21.126741175087233 2.5222041519414233 1.93956361488803 10.962307533734247 -1.752991700169133 1.5333878347736345 5.244517228218058 2.6685375748977265 18.782087386833936 7.444103395817237 7.290740573013949 4.283841880122111 20.069711585112273 0.5906948096080242 0.022550081276378364 6.762815753559067 3.48949420276233 8.306079301526836 1.128388255506323 1.1458725465349318 8.028370019813408 8.668481565819846 4.3993314836434365 -0.3259807177594496 -1.4084967949953153 11.928480661722602 7.719498988938611 -1.75961252028209 7.104618229424361 1.8185612157100906 18.304982222984023 -1.7872691302596309 -0.5524842981390066 1.7351992415822934 -1.9449627592534426 7.381948092686386 3.008691229520153 5.155322609516759 1.9573925750678 6.784480160710771 14.217777944124492 4.448602612076812 8.862137319510467 14.195449739073439 9.337123028496919 11.677816987773923 29.68227688170785 3.090487131684938 4.5375392798518135 8.657331050085986 14.10113613852377 0.7271463894502403 13.268678864369662 9.64151295638841 1.694819291215211 3.122200599088103 10.22378411662956 -0.675650311005711 33.39663473357912 -0.6883014125155569 12.362189325377301 4.8820917338014596 2.472106629048426 7.553085873053092 9.47928914216321 -1.889144754574943 20.554039482127763 7.962373935090923 -0.10697810673995889 5.622918856011694 2.4281838368167996 2.472670968109753 2.5572395995419726 6.2012765763739 1.1260034702741137 7.069060953140038 0.5492324745287078 1.3329675141582271 -0.2537410061929677 2.2560392314163806 -2.87845467869559 0.15537578590178214 0.4853952767371368 -0.7442293408430203 -1.5624622412501594 1.0918217481530235 7.745592358965467 11.747226820925363 -0.6089779096416947 1.024602305873728 -0.6427017378351962 13.14835600909231 -1.514435882045916 10.911497465607269 -1.807337659248276 10.319472392605192 0.1479667196759209 6.251121859023954 16.593552406081614 6.186625819056104 -2.957515138792189 19.59144763875755 9.890251141209248 1.8192601110663702 6.376351825201624 1.221170558756981 7.473736821077011 -1.0978778465038062 5.528041527542911 6.030333263342754 4.285781455371094 10.521848202654752 3.418094889824232 18.710676014798636 4.691326183256635 4.228720567418293 1.2955519907071107 2.430831510709993 36.211642016152396 7.324169161359237 4.503486958457287 -0.1870329946834488 15.61247028923222 0.7871782881597085 6.911998616336163 4.04215969802874 9.332095742920714 -1.8830742818044968 20.416839751732653 2.402921619473844 7.032256145202993 4.280906041977801 3.237353947194947 0.23997001459834166 9.093969901891128 9.734538920862988 -1.0310703610994807 11.192185482124401 -0.3954719743652646 15.784558089052105 1.1173567780827511 1.1939802213219934 27.48458140260442 -0.5442837516361152 0.13365513671047324 2.717002488743887 -0.5985052595073341 18.309973057725003 6.669204677850544 0.8428352459762181 20.88930243296599 6.12223061263532 -0.10018237738994173 7.480551178775698 7.206644408366742 16.38823952297149 1.9403426524142873 -0.38141705365015355 5.886302550288775 5.134770716654714 9.691994017244312 11.83639367975232 12.428040339991526 1.5202831203447857 -1.2330477658966714 -1.7438063166663795 -0.03534771391582581 -0.4605480399713855 -0.047417013017025056 -1.470447003455405 1.5097212872469328 0.1540979207423021 -0.43671578496450536 -0.7005907012793813 8.850760831213819 12.364072309446044 19.846861836132177 1.5387187414855106 2.5213795159537256 11.461146657706465 22.694109245083467 15.832104487567335 5.012999347973391 1.2485918774863052 4.308028077316422 11.162608432981145 12.977759691471732 -0.936637071282945 1.2762512994508057 6.463751859228708 -1.1728462680833331 29.076671887730512 10.779520772522403 21.788118393489654 -0.7099574048384198 2.3492577001566275 11.626500330416036 -0.7580691951303038 7.856410369216377 0.23821602940806486 2.8181412928205134 3.0606456494927983 11.83779123029906 11.97442898318613 11.001644016602128 8.032153665210501 2.0837932898166827 27.77714760102303 5.226017840357457 6.441619296349245 -1.120510447600381 13.478030427518462 8.730029866120717 16.147546518658203 12.241037667321535 1.3786041530050852 3.439564548034923 10.45310671586779 9.581333766823192 11.739082247542356 4.375150298080328 1.13613170722968 11.434975225587777 23.781235433161072 0.37753148073635145 10.72178023212011 -0.5155879896802986 10.26162185463447 2.7609150169469387 3.997701161789095 0.7666857607683824 6.6216138323210885 30.630941698906426 3.4175038509729205 21.776224943750748 3.607430426606413 -1.4900871533070301 0.6496737750097168 8.300602183629152 12.989926981541714 4.221475171564222 1.5407894366090744 4.02761618624929 11.870026463567115 -0.5009456263869936 